(0 0) -> (0 1)
(0 1) -> (0 2)
(0 2) -> (0 3)
(0 3) -> (1 3)
(1 3) -> (1 4)
(1 4) -> (1 5)
(1 5) -> (1 6)
(1 6) -> (1 7)
(1 7) -> (1 8)
(1 8) -> (1 9)
(1 9) -> (1 10)
(1 10) -> (1 11)
(1 11) -> (1 12)
(1 12) -> (1 13)
(1 13) -> (1 14)
(1 14) -> (1 15)
(1 15) -> (1 16)
(1 16) -> (1 17)
(1 17) -> (1 18)
(1 18) -> (2 18)
(2 18) -> (3 18)
(3 18) -> (4 18)
(4 18) -> (5 18)
(5 18) -> (6 18)
(6 18) -> (7 18)
(7 18) -> (8 18)
(8 18) -> (9 18)
(9 18) -> (10 18)
(10 18) -> (11 18)
(11 18) -> (12 18)
(12 18) -> (13 18)
(13 18) -> (14 18)
(14 18) -> (15 18)
(15 18) -> (16 18)
(16 18) -> (17 18)
(17 18) -> (18 18)
(18 18) -> (18 17)
(18 17) -> (18 16)
(18 16) -> (18 15)
(18 15) -> (18 14)
(18 14) -> (18 13)
(18 13) -> (18 12)
(18 12) -> (18 11)
(18 11) -> (18 10)
(18 10) -> (18 9)
(18 9) -> (18 8)
(18 8) -> (18 7)
(18 7) -> (18 6)
(18 6) -> (18 5)
(18 5) -> (18 4)
(18 4) -> (18 3)
(18 3) -> (18 2)
(18 2) -> (18 1)
(18 1) -> (17 1)
(17 1) -> (16 1)
(16 1) -> (15 1)
(15 1) -> (14 1)
(14 1) -> (13 1)
(13 1) -> (12 1)
(12 1) -> (11 1)
(11 1) -> (10 1)
(10 1) -> (9 1)
(9 1) -> (8 1)
(8 1) -> (7 1)
(7 1) -> (6 1)
(6 1) -> (5 1)
(5 1) -> (4 1)
(4 1) -> (3 1)
(3 1) -> (3 0)
(3 0) -> (2 0)
(2 0) -> (1 0)
(1 0) -> (0 0)